11
8
4
5
2
2
4
7
4
5
6
6
2
-1
0
0
2
-1
-5
-4
-4
0
-5
-7
-3
-7
-6
-4
-9
-5
-2
0
-1
3
0
3
2
5
3
0
-3
-4
-4
-1
-5
-4
-8
-9
-13
-15
-11
-7
-6
-6
-8
-5
-2
2
-1
-6
-4
-3
-8
-6
-4
-2
-4
-6
-6
-5
-7
-3
-5
-6
-6
-4
-9
-6
-7
-7
-7
-6
-6
-4
-5
-7
-9
-8
-6
-6
-8
-8
-9
-8
-5
-3
-2
2
5
4
3
1
4
-1
-2
1
-2
1
-4
-6
-6
-5
-1
2
4
0
-3
-7
-4
-7
-5
-9
-9
-11
-15
-15
-17
-22
-21
-19
-19
-17
-16
-13
-12
-12
-16
-19
-24
-27
-27
-26
-29
-34
-38
-36
-40
-39
-39
-35
-31
-33
-37
-42
-40
-38
-35
-35
-39
-41
-38
-42
-39
-44
-49
-49
-47
-51
-51
-56
-55
-51
-55
-57
-53
-50
-47
-48
-46
-51
-51
-52
-56
-60
-58
-57
-57
-56
-59
-57
-53
-58
-54
-56
-54
-52
-49
-45
-47
-47
-48
-52
-51
-52
-57
-59
-64
-66
-62
-60
-65
-64
-67
-66
-65
-68
-64
-65
-65
-63
-62
-66
-66
-65
-61
-59
-57
-58
-61
-66
-70
-71
-69
-67
-67
-68
-66
-71
-74
-73
-78
-81
-78
-81
-82
-87
-84
-80
-78
-79
-82
-78
-83
-88
-86
-91
-94
-90
-86
-89
-85
-81
-80
-84
-82
-82
-86
-85
-85
-84
-89
-89
-88
-86
-82
-82
-82
-81
-77
-74
-72
-72
-70
-75
-71
-71
-70
-66
-64
-62
-58
-57
-54
-57
-58
-62
-60
-65
-68
-70
-72
-76
-79
-81
-82
-82
-83
-85
-82
-84
-87
-88
-84
-82
-85
-89
-86
-83
-80
-85
-89
-93
-91
-89
-93
-91
-95
-91
-89
-90
-90
-88
-90
-86
-89
-92
-97
-96
-95
-96
-93
-92
-91
-96
-96
-97
-93
-95
-99
-95
-97
-96
-92
-89
-93
-89
-91
-96
-94
-92
-90
-86
-85
-83
-79
-82
-80
-80
-80
-82
-86
-88
-86
-86
-82
-82
-80
-77
-78
-78
-80
-76
-81
-82
-86
-89
-94
-94
-96
-92
-94
-95
-91
-93
-94
-92
-97
-100
-98
-97
-97
-97
-99
-104
-100
-98
-94
-91
-91
-89
-87
-88
-88
-84
-88
-89
-93
-92
-92
-95
-91
-87
-88
-91
-87
-90
-86
-89
-89
-87
-86
-83
-79
-80
-82
-83
-86
-83
-86
-85
-81
-78
-82
-78
-78
-82
-83
-87
-83
-81
-82
-86
-84
-81
-85
-90
-86
-86
-84
-87
-86
-85
-85
-82
-87
-88
-90
-88
-90
-87
-91
-90
-86
-86
-90
-94
-99
-100
-97
-99
-99
-97
-93
-93
-96
-99
-98
-95
-92
-95
-93
-92
-97
-101
-98
-94
-93
-89
-93
-90
-95
-96
-99
-102
-104
-104
-106
-109
-109
-114
-112
-111
-109
-114
-111
-112
-114
-115
-117
-120
-122
-120
-124
-120
-123
-125
-123
-126
-129
-131
-135
-133
-137
-142
-144
-148
-151
-152
-148
-152
-155
-151
-156
-160
-160
-164
-164
-168
-170
-169
-166
-163
-159
-157
-153
-155
-151
-149
-145
-149
-149
-154
-151
-148
-152
-149
-147
-147
-149
-153
-153
-151
-155
-159
-155
-153
-157
-159
-157
-160
-160
-161
-165
-165
-162
-161
-160
-162
-166
-165
-166
-168
-170
-171
-169
-167
-167
-172
-173
-170
-174
-173
-174
-176
-180
-179
-178
-182
-186
-183
-179
-178
-178
-175
-173
-173
-178
-175
-175
-173
-174
-170
-166
-162
-160
-165
-170
-173
-175
-176
-174
-178
-179
-175
-177
-182
-180
-179
-182
-181
-178
-178
-182
-184
-182
-186
-185
-190
-189
-189
-185
-182
-186
-189
-186
-183
-183
-180
-176
-179
-179
-183
-180
-180
-181
-180
-177
-181
-182
-180
-184
-183
-179
-180
-180
-177
-180
-180
-181
-186
-182
-183
-184
-181
-183
-188
-188
-184
-185
-186
-187
-183
-182
-184
-180
-185
-182
-179
-179
-181
-178
-177
-180
-180
-182
-182
-183
-182
-182
-183
-183
-188
-187
-189
-190
-191
-191
-188
-188
-186
-190
-191
-188
-191
-190
-188
-190
-189
-187
-187
-192
-189
-189
-189
-191
-187
-184
-181
-186
-191
-189
-185
-184
-184
-182
-185
-189
-189
-189
-188
-187
-183
-184
-185
-183
-185
-189
-193
-192
-189
-189
-192
-189
-185
-181
-177
-178
-174
-179
-183
-181
-179
-178
-179
-184
-187
-188
-189
-189
-188
-187
-191
-194
-193
-198
-201
-197
-197
-195
-198
-198
-195
-193
-198
-194
-193
-194
-194
-193
-191
-190
-195
-194
-190
-195
-191
-189
-190
-194
-190
-186
-183
-180
-178
-183
-179
-175
-178
-182
-185
-183
-182
-187
-185
-186
-182
-180
-183
-184
-184
-180
-180
-180
-180
-182
-180
-180
-179
-175
-175
-174
-178
-178
-183
-188
-187
-187
-188
-189
-189
-190
-189
-192
-192
-196
-197
-198
-200
-204
-204
-208
-208
-210
-212
-209
-209
-205
-209
-205
-201
-206
-206
-202
-199
-197
-201
-205
-208
-207
-204
-205
-209
-208
-209
-214
-216
-214
-217
-218
-221
-218
-217
-213
-218
-218
-215
-217
-216
-219
-221
-220
-225
-223
-219
-218
-217
-215
-215
-217
-220
-216
-221
-220
-216
-214
-211
-207
-205
-202
-203
-207
-204
-209
-212
-209
-211
-209
-214
-213
-215
-216
-221
-225
-225
-224
-222
-218
-221
-218
-214
-216
-219
-224
-228
-231
-228
-229
-229
-229
-225
-228
-230
-230
-233
-237
-241
-244
-243
-243
-242
-238
-242
-247
-251
-251
-251
-247
-246
-251
-255
-256
-259
-259
-263
-259
-256
-253
-258
-260
-262
-260
-263
-268
-271
-267
-267
-270
-267
-263
-262
-261
-264
-265
-264
-263
-264
-262
-263
-259
-259
