8654
16130
5950
24363
13554
3240
5462
15111
32054
1426
1459
26592
20254
4037
19351
15362
26514
29980
18366
6724
20190
19005
29578
12441
27901
16843
14173
1250
13079
16350
70
17414
32328
16816
22753
1861
6051
28057
2424
969
30071
24381
878
22654
8656
1028
7134
28196
27201
7114
22911
7587
15585
12760
22987
4254
22164
8723
4448
4170
9868
32372
27558
13953
2831
26808
3506
13586
19322
13401
16490
10076
29574
25788
17898
8731
29642
23468
7719
30081
11137
19463
32466
21897
16270
17591
640
23688
25277
26596
21255
7172
29516
8808
21291
12234
4522
30596
2938
1851
5246
13521
24180
22759
32235
8825
18415
29789
22034
934
11194
26176
3801
31547
30593
8862
21739
10435
7152
10622
29185
4518
8475
22968
9311
10915
23070
26122
4001
5498
31744
8295
10935
26345
7134
3986
20271
2266
22597
748
19890
3291
12767
6283
11218
718
22354
27019
28419
10210
26725
20649
6374
450
29797
32525
14542
14860
14279
21352
13949
19972
23822
10047
14894
26250
17647
1671
21977
27721
6579
1393
21426
11314
12766
10375
19954
8233
1550
4856
29659
12285
15909
28464
8182
32414
6570
17836
9120
6026
14189
13837
27588
4233
106
18027
25322
29594
14832
15595
13425
1325
771
14228
21784
14994
16638
30302
29892
29874
16253
2956
15741
21245
1913
26172
953
12963
12725
27453
19421
11783
14425
4128
18689
12401
3037
11410
14579
29186
28457
30185
16767
28654
24315
22780
13038
13541
2184
9784
21453
1490
4966
17392
6640
18120
17065
23285
29878
11321
12621
12647
3213
3178
11732
10186
7097
25891
31023
3164
17490
27051
27874
14502
1932
11508
19556
11602
16956
15378
17860
8252
21143
15601
26002
12492
19260
25928
509
13954
22389
24009
24889
24018
13497
26011
7972
1843
25974
18953
5672
7283
270
1660
20323
20557
17695
8358
15877
31805
19464
5377
18938
4243
3241
26488
28106
19143
1898
11363
27581
9740
17534
7609
24130
14887
1897
4225
10129
31874
23487
24202
1168
6012
24367
6236
18163
19460
27841
4974
31400
4454
3420
10394
31346
26468
20875
14029
14292
3721
30848
15875
14896
6842
2138
9843
6448
5134
15267
2054
30309
6624
26653
1550
14894
15394
17086
4917
6108
32499
9465
12723
7443
15476
14143
965
20595
22744
9414
16474
9080
31931
15497
24591
15263
18869
9104
5725
22219
15662
31857
27409
20198
13684
10263
2045
203
19722
962
3822
6756
68
18511
3038
5135
20752
28346
22378
22855
23831
15841
32134
25728
6661
25994
31855
21074
11300
19112
28641
12250
2864
26842
31883
2142
26983
27957
4032
30255
4319
28227
18287
15060
11036
25931
5717
8804
9954
19667
30833
13876
12360
2148
19384
690
28430
31117
8459
29841
32560
26154
6502
4391
22459
5095
9050
3603
5088
15615
11453
3106
21063
16970
7328
31092
7846
15990
10625
24282
6545
24212
24514
7299
21140
9175
27738
23000
2175
29337
32715
11428
17409
4767
23892
15224
120
1182
27239
24398
22280
20734
21085
2156
24554
13277
4713
27275
15879
19031
458
13369
2246
9477
10821
21884
2082
25539
1235
6584
30463
16055
28311
6354
16318
8335
27154
17302
26383
13833
154
3926
6406
5817
22536
1236
3186
27399
20658
13923
12394
13175
16281
24904
22568
5421
6371
15974
22811
20400
7819
17947
20279
16366
26455
27493
31632
5248
21002
4681
28967
5936
14555
17781
1027
12216
31015
28452
11908
973
9059
6466
24821
22620
26452
30928
28512
6164
4226
18571
4518
8996
9962
14024
10702
19526
2035
27299
17566
9980
2979
25688
2152
2841
2579
15601
1575
29060
21792
2338
8395
3641
31332
25457
32464
19344
24933
24985
14869
2754
6667
31025
16876
19881
28504
6025
9069
11719
4691
28885
11281
17546
28997
19085
6780
26830
3880
17683
20889
26020
28509
26775
16876
3666
27037
31032
32036
21403
31282
22123
10224
15936
25191
27041
15892
29382
11581
26660
23740
8826
27743
27714
1808
3507
16728
10670
6408
31575
1796
16675
23682
18848
12100
30538
29842
31776
10486
21214
4889
27395
25125
26126
11417
30613
14972
18211
7751
27140
31233
31842
31330
23654
8192
24372
28356
22269
7748
14980
31159
442
21645
10345
24841
3841
24639
29445
8035
17324
5208
31917
15318
16466
11684
29513
16311
28617
5940
21246
16045
16105
21260
31755
9480
403
23324
24561
16468
10482
3698
2519
13870
12033
32429
1580
23895
23374
12725
28046
11527
17661
11177
5867
13956
13839
21785
13542
23794
21477
4470
25212
16237
12543
6598
25319
2389
11274
28572
6338
7401
16410
31816
30831
19480
10804
12363
31158
5011
2063
14094
19630
3111
21531
4819
21985
1610
25283
13547
13739
1012
17647
26153
24291
1200
13262
5016
189
22514
27090
21353
18415
27051
3324
13871
15123
15643
3673
14415
13901
2534
8909
26545
18989
12139
14607
4540
471
29265
4341
3458
21601
14434
22514
30263
17788
13981
28381
27112
31063
17798
15603
8297
16320
20417
13344
28304
23181
3807
27258
2464
826
2680
27918
7944
29651
3450
12256
5198
30484
1472
16173
838
17360
487
5619
18055
10127
16733
15796
10783
17531
2746
7030
5254
26237
15444
3598
15313
13219
19213
16798
15144
15301
9072
23645
7290
11112
8445
26774
10863
9698
4032
8180
7839
2751
27689
31740
1
10852
21783
12251
17830
11762
25654
28514
4519
13933
24715
10063
6236
30494
32589
2766
1998
20277
9975
6719
879
9907
26779
1850
2057
4743
9081
6608
19445
1015
1744
31508
28557
1858
26100
2267
4579
21892
4769
5823
7604
15833
12687
16490
25239
10693
15686
12561
20090
16596
11060
1086
23375
28541
26365
9171
1283
21836
6162
18252
23472
24129
25989
30788
1555
2931
11292
16442
18496
12024
23204
25494
25236
7945
26759
19943
23788
9314
6817
4975
4628
10216
2640
11233
3971
25486
8906
19049
7493
6777
2228
30445
568
7267
8176
19603
22651
6205
9142
387
1572
536
1254
7150
11825
4165
668
30799
11714
5051
12549
1264
31109
12218
25202
22192
28529
13486
9899
31493
28855
8790
21638
11069
22517
5413
20920
17673
8109
8937
3306
11323
19703
27306
24080
31183
29298
23509
16630
7208
24448
30874
7707
19613
20403
6034
5571
32308
11906
26789
328
10669
17217
16683
7857
