5618
7263
3483
9154
62
5944
8721
5154
9591
9752
1696
6616
3170
5287
7014
7885
2554
742
5745
3299
3381
5838
2383
310
1721
9286
9661
198
6537
7794
4778
3361
661
3426
139
4149
8416
9074
2830
6515
9203
5707
8481
79
5604
2870
8895
7296
11
7025
2622
4530
3379
2238
9342
8721
4781
7175
9787
8855
7678
3364
7030
6715
1670
6056
4979
667
6469
7683
6648
8269
8515
1449
5331
24
3062
4939
3283
971
4138
6924
5621
6251
6964
7550
5762
4618
3196
7775
9944
7516
5826
9763
3975
1780
4093
4496
1429
8355
