5618
7263
3483
9154
62
5944
8721
5154
9591
9752
1696
6616
3170
5287
7014
7885
2554
742
5745
3299
3381
5838
2383
310
1721
9286
9661
198
6537
7794
4778
3361
661
3426
139
4149
8416
9074
2830
6515
9203
5707
8481
79
5604
2870
8895
7296
11
7025
2622
4530
3379
2238
9342
8721
4781
7175
9787
8855
7678
3364
7030
6715
1670
6056
4979
667
6469
7683
6648
8269
8515
1449
5331
24
3062
4939
3283
971
4138
6924
5621
6251
6964
7550
5762
4618
3196
7775
9944
7516
5826
9763
3975
1780
4093
4496
1429
8355
6334
5762
3557
3998
1537
7918
980
4921
1529
5425
8379
7393
6193
1252
8395
1290
1159
7658
8028
4424
2575
2083
662
8878
3476
3395
4944
8382
8437
9243
3809
7981
4510
3169
2780
4997
1977
1352
3292
4543
7084
5467
2030
8817
4637
7260
3381
3465
9850
9545
7708
5978
1305
1802
551
3499
5038
7610
5532
5140
4305
8527
4237
3598
747
7644
1341
2039
9564
4602
1708
2200
4189
3955
4533
1404
240
7349
5588
5854
7060
8411
4809
7673
4433
9897
6707
9140
196
9232
4191
8754
2047
7905
9549
8898
8982
3540
9884
3673
1971
735
2189
8188
259
6781
4553
6748
2262
6789
8069
3062
6358
5375
9136
3001
8114
7945
965
8314
553
5456
3726
857
6192
2085
1945
1567
4174
3001
4586
2951
8857
2523
4446
3409
2798
3632
1670
5725
6124
8416
6244
7721
4969
2245
9828
3405
625
9819
4074
3108
5464
3536
3759
2244
3076
7024
4113
8670
4218
4522
6390
4666
1873
5720
7349
3685
888
40
5627
1019
7070
2213
7389
8635
8330
9792
1619
5497
8836
3453
9602
9723
7448
6787
5098
1904
5548
2452
8615
3960
536
7242
3977
7351
5095
6570
481
7627
760
3397
4126
9973
1196
8812
6137
5430
8822
435
7762
6516
292
3177
7415
7665
3087
1485
1859
1432
1221
9894
3345
3611
1689
4857
2533
9594
3831
357
4381
1243
3256
4955
8256
3319
7649
8280
4782
7066
6431
4742
6500
3506
7368
6925
8220
5359
55
1669
3007
4572
1956
7747
9432
3336
2374
6576
6956
9156
6479
2011
9928
4610
5932
4140
7786
1368
4320
9821
3550
527
113
6112
7204
6351
5543
2627
9372
5677
4520
3237
3462
5311
9819
2778
3069
3806
5995
8837
1884
1631
8095
3173
1511
1008
8421
7789
4002
3575
9400
2843
8588
4644
3262
3037
7686
691
4621
3050
7465
3120
167
4691
2111
4235
3350
5308
9917
7111
1243
8844
727
5380
3428
2807
5315
8108
76
8033
2943
9916
3641
3003
1798
6876
1069
9083
6403
5920
9730
6362
7021
569
8472
9608
234
255
8385
167
5091
5418
2089
7539
8156
416
5198
9440
7496
9017
5540
2634
8985
4262
964
9413
1928
3398
8154
9336
6575
9479
5813
3656
7112
6812
8728
4557
5743
3331
1684
829
4309
1376
3441
9067
5735
5039
9211
6676
5943
3176
9013
4943
7867
6734
6220
2444
1155
7652
