5618
7263
3483
9154
62
5944
8721
5154
9591
9752
1696
6616
3170
5287
7014
7885
2554
742
5745
3299
3381
5838
2383
310
1721
9286
9661
198
6537
7794
4778
3361
661
3426
139
4149
8416
9074
2830
6515
9203
5707
8481
79
5604
2870
8895
7296
11
7025
2622
4530
3379
2238
9342
8721
4781
7175
9787
8855
7678
3364
7030
6715
1670
6056
4979
667
6469
7683
6648
8269
8515
1449
5331
24
3062
4939
3283
971
4138
6924
5621
6251
6964
7550
5762
4618
3196
7775
9944
7516
5826
9763
3975
1780
4093
4496
1429
8355
6334
5762
3557
3998
1537
7918
980
4921
1529
5425
8379
7393
6193
1252
8395
1290
1159
7658
8028
4424
2575
2083
662
8878
3476
3395
4944
8382
8437
9243
3809
7981
4510
3169
2780
4997
1977
1352
3292
4543
7084
5467
2030
8817
4637
7260
3381
3465
9850
9545
7708
5978
1305
1802
551
3499
5038
7610
5532
5140
4305
8527
4237
3598
747
7644
1341
2039
9564
4602
1708
2200
4189
3955
4533
1404
240
7349
5588
5854
7060
8411
4809
7673
4433
9897
6707
9140
196
9232
4191
8754
2047
7905
9549
8898
8982
3540
9884
3673
1971
735
2189
8188
259
6781
4553
6748
2262
6789
8069
3062
6358
5375
9136
3001
8114
7945
965
8314
553
5456
3726
857
6192
2085
1945
1567
4174
3001
4586
2951
8857
2523
4446
3409
2798
3632
1670
5725
6124
8416
6244
7721
4969
2245
9828
3405
625
9819
4074
3108
5464
3536
3759
2244
3076
7024
4113
8670
4218
4522
6390
4666
1873
5720
7349
3685
888
40
5627
1019
7070
2213
7389
8635
8330
9792
1619
5497
8836
3453
9602
9723
7448
6787
5098
1904
5548
2452
8615
3960
536
7242
3977
7351
5095
6570
481
7627
760
3397
4126
9973
1196
8812
6137
5430
8822
435
7762
6516
292
3177
7415
7665
3087
1485
1859
1432
1221
9894
3345
3611
1689
4857
2533
9594
3831
357
4381
1243
3256
4955
8256
3319
7649
8280
4782
7066
6431
4742
6500
3506
7368
6925
8220
5359
55
1669
3007
4572
1956
7747
9432
3336
2374
6576
6956
9156
6479
2011
9928
4610
5932
4140
7786
1368
4320
9821
3550
527
113
6112
7204
6351
5543
2627
9372
5677
4520
3237
3462
5311
9819
2778
3069
3806
5995
8837
1884
1631
8095
3173
1511
1008
8421
7789
4002
3575
9400
2843
8588
4644
3262
3037
7686
691
4621
3050
7465
3120
167
4691
2111
4235
3350
5308
9917
7111
1243
8844
727
5380
3428
2807
5315
8108
76
8033
2943
9916
3641
3003
1798
6876
1069
9083
6403
5920
9730
6362
7021
569
8472
9608
234
255
8385
167
5091
5418
2089
7539
8156
416
5198
9440
7496
9017
5540
2634
8985
4262
964
9413
1928
3398
8154
9336
6575
9479
5813
3656
7112
6812
8728
4557
5743
3331
1684
829
4309
1376
3441
9067
5735
5039
9211
6676
5943
3176
9013
4943
7867
6734
6220
2444
1155
7652
1843
1428
2986
187
8187
6061
145
8531
4847
1156
1402
2075
8786
1536
4370
7021
702
6411
3889
5877
391
2651
3248
2912
6168
115
2800
5925
5604
7613
9849
6584
5040
2402
2674
6167
6651
5420
4617
5827
5510
2749
2141
4651
4138
4776
7919
8788
5292
7299
8935
3734
1857
5116
5950
3738
9355
499
971
8705
6540
1648
935
5680
6189
1189
1164
488
4439
7338
9759
8276
5274
4207
9987
9918
6620
9102
8278
5136
1553
1256
6092
7467
1435
7450
4538
3797
8719
9619
3541
544
9376
842
7527
6834
3627
1600
7418
5152
5698
7001
7158
106
3304
5555
2535
854
2284
1070
1576
9467
6629
86
24
9966
9101
8385
645
2186
1620
517
1496
3050
1547
4179
5927
3039
1380
6838
6508
2742
8146
6070
4951
2093
1792
6596
312
2344
2775
1610
9991
1732
580
4922
1301
8726
5388
2128
8784
2058
184
1988
962
6664
576
5872
5339
4341
7355
2459
8865
6566
9414
2382
2038
8194
5820
4146
3494
1688
3197
546
2869
358
2959
9146
9913
6872
1344
1934
2655
9300
785
7339
565
3047
737
806
262
3114
8361
2215
1703
5760
9098
4040
1288
5124
1990
3524
4296
5494
54
4545
3877
3873
7621
58
2506
7999
5624
8824
9142
2432
6788
9275
2968
1823
67
9672
1527
1367
2829
7301
9378
8863
9593
1311
8221
1492
9826
5279
1757
6143
4002
6172
4166
8293
6484
6572
88
4933
7118
3959
1883
295
6067
9465
4008
8721
31
1770
8608
4794
9473
1477
9200
6496
2314
7502
6176
8975
6289
3014
8149
1757
2115
5567
971
4957
1845
165
8658
8653
5670
3964
2585
4756
6797
7517
8701
2451
3213
8178
435
844
3204
9874
998
9814
3418
4814
1177
8718
5557
5724
6108
4561
4216
8459
5051
2851
2706
5021
2661
6191
394
9552
9536
1348
7983
3735
6020
8399
2899
5231
8488
9977
6275
7431
5524
7762
221
7596
4106
5635
9061
3069
2612
6938
3822
2353
3783
5929
221
5284
1706
3869
1277
4752
4193
9002
8425
3864
2652
8067
7737
7556
8274
4174
5124
3577
5056
7047
9789
8875
3810
6950
1998
7306
6291
2484
8964
1973
5608
6005
4417
2870
5419
2779
6493
7486
5840
1092
1533
8261
855
4290
2716
1407
4055
8370
6613
7299
6391
2431
2719
1562
6285
2216
930
7494
314
2598
4760
3422
7883
2007
7131
2134
1276
5718
3863
5028
178
1517
4989
2484
7404
9900
3666
97
62
2561
5845
9192
9344
8587
8435
9975
8650
7323
334
1299
9284
9872
9866
5080
3338
4836
9007
4203
957
1526
4775
9374
5894
2683
6094
6030
1255
649
4599
2845
6787
3301
3028
4247
4133
7245
2247
6775
9915
6735
2293
801
9741
7095
6105
8540
7088
421
1
5466
8259
4956
6865
6980
8366
1939
2215
6335
6570
9664
5192
935
5641
7032
7413
3313
3621
3724
8810
6439
7750
1816
4164
4845
8209
6131
7590
7003
2099
6308
3705
7739
2675
3781
